Side: 1
Diferenta este: 16
Mare not: 1
1 1 1 1 1 1 1 1 
1 1 1 1 1 1 1 1 
0 0 0 0 0 0 0 0 
0 0 0 0 0 0 0 0 
0 0 0 1 0 0 0 0 
0 0 0 0 0 0 0 0 
1 1 1 0 1 1 1 1 
1 1 1 1 1 1 1 1 

1 1 1 1 1 1 0 1 
1 1 1 1 1 1 1 1 
0 0 0 0 0 1 0 0 
0 0 0 0 0 0 0 0 
0 0 0 1 0 0 0 0 
1 0 0 0 0 0 0 0 
1 1 1 0 1 1 1 1 
0 1 1 1 1 1 1 1 

Side: 1
Diferenta este: 16
Mare not: 1
1 1 1 1 1 1 1 1 
1 1 1 1 1 1 1 1 
0 0 0 0 0 0 0 0 
0 0 0 0 0 0 0 0 
0 0 0 1 0 0 0 0 
0 0 0 0 0 0 0 0 
1 1 1 0 1 1 1 1 
1 1 1 1 1 1 1 1 

Side: 0
Diferenta este: 16
Mare not: 1
Side: 1
Diferenta este: 16
Mare not: 1
1 1 1 1 1 1 1 1 
1 1 1 1 1 1 1 0 
0 0 0 0 0 0 0 0 
0 0 0 0 0 0 0 1 
1 0 0 1 0 0 0 0 
0 0 0 0 0 0 0 0 
0 1 1 0 1 1 1 1 
1 1 1 1 1 1 1 1 

Side: 1
Diferenta este: 16
Mare not: 1
1 1 1 1 1 1 1 0 
1 1 1 1 1 1 1 0 
0 0 0 0 0 0 0 1 
0 0 0 0 0 0 0 1 
1 0 0 1 0 0 1 0 
0 0 0 0 0 0 0 0 
0 1 1 0 1 1 0 1 
1 1 1 1 1 1 1 1 

Side: 1
Diferenta este: 16
Mare not: 1
1 1 1 1 1 1 1 0 
1 1 1 1 1 1 1 0 
0 0 0 1 0 0 0 0 
0 0 0 0 0 0 0 1 
1 0 0 1 0 0 1 1 
0 0 0 0 0 0 0 0 
0 1 1 0 1 1 0 0 
1 1 1 1 1 1 1 1 

Side: 1
Diferenta este: 16
Mare not: 1
1 1 1 1 1 1 1 0 
1 1 1 1 1 1 1 0 
0 0 0 0 0 0 0 0 
0 0 0 0 0 0 0 1 
1 0 0 1 0 1 1 1 
0 0 0 0 0 0 0 0 
0 1 1 0 1 0 0 0 
1 1 1 1 1 1 1 1 

Side: 1
Diferenta este: 8
Mare not: 1
1 1 1 1 1 1 1 0 
1 1 1 1 1 1 1 0 
0 0 0 0 0 0 0 0 
0 0 0 0 0 1 0 1 
1 0 0 0 0 0 1 1 
0 0 0 0 0 0 0 0 
0 1 1 0 1 0 0 0 
1 1 1 1 1 1 1 1 

Side: 1
Diferenta este: 8
Mare not: 1
1 1 1 1 1 1 1 0 
1 1 1 1 1 1 1 0 
0 0 0 0 0 0 0 0 
1 0 0 0 0 1 0 1 
0 0 0 0 0 0 1 1 
0 1 0 0 0 0 0 0 
0 0 1 0 1 0 0 0 
1 1 1 1 1 1 1 1 

Side: 1
Diferenta este: 8
Mare not: 1
1 1 1 1 1 1 1 0 
1 1 1 1 1 1 1 0 
0 0 0 0 0 0 0 0 
0 0 0 0 0 1 0 1 
0 0 0 0 0 0 1 1 
0 1 1 0 0 0 0 0 
0 0 0 0 1 0 0 0 
1 1 1 1 1 1 1 1 

Side: 1
Diferenta este: 8
Mare not: 1
1 1 1 1 1 1 1 0 
1 1 1 1 1 1 1 0 
0 0 0 0 0 0 0 0 
0 0 0 0 0 0 0 1 
0 0 0 0 0 1 1 1 
0 1 1 0 1 0 0 0 
0 0 0 0 0 0 0 0 
1 1 1 1 1 1 1 1 

1 1 1 1 1 1 1 0 
1 1 1 1 1 1 1 0 
0 0 0 0 0 0 0 0 
0 0 0 0 0 0 0 1 
0 0 0 0 0 0 1 1 
0 1 1 0 1 0 0 1 
0 0 0 0 0 0 0 0 
1 1 1 1 1 1 1 0 

Side: 1
Diferenta este: 8
Mare not: 1
1 1 1 1 1 1 1 0 
1 1 1 1 1 1 1 0 
0 0 0 0 0 0 0 0 
0 0 0 0 0 0 0 1 
0 0 0 0 1 0 0 1 
0 1 1 0 0 0 0 1 
0 0 0 0 0 0 0 0 
1 1 1 1 1 1 1 0 

1 1 1 1 1 1 1 0 
1 1 1 1 1 1 1 0 
0 0 0 0 0 0 0 0 
0 0 0 0 0 0 0 1 
0 0 0 0 1 0 0 0 
0 1 1 0 0 0 1 0 
0 0 0 0 0 0 0 0 
1 1 1 1 1 1 1 0 

